100
1
3
4
1 2 1 2
1
4
4
6 6 2 9
2
4 8
6
6 6 6 6 9 9
4
4 4 1 9
5
1 1 1 2 1
2
9 9
4
7 3 3 6
5
2 3 1 4 1
5
2 4 2 6 8
3
7 1 2
2
9 8
2
7 7
5
8 1 5 9 2
3
3 2 1
3
7 3 7
2
8 8
4
4 3 2 1
3
7 5 3
6
9 9 9 9 9 9
4
8 8 8 8
5
6 6 4 9 5
2
5 5
6
3 3 5 5 9 9
4
3 8 1 4
6
1 1 5 5 9 9
3
9 1 5
4
7 1 8 8
2
9 9
5
8 8 8 8 8
3
6 1 2
3
6 5 4
4
6 1 5 3
4
3 9 2 9
5
4 2 3 4 4
1
9
4
3 9 6 5
5
4 2 5 2 2
3
5 8 5
3
5 1 1
1
6
3
9 7 9
5
9 9 9 9 9
2
9 7
6
2 9 9 9 3 3
3
6 4 1
3
2 9 3
3
8 8 8
5
3 3 5 3 2
3
8 5 2
3
1 4 5
4
3 5 3 8
6
7 7 7 7 7 9
4
2 8 7 4
3
8 9 5
2
8 4
4
7 9 7 6
4
6 7 8 7
3
6 4 5
3
6 7 6
6
3 6 6 6 9 9
6
6 5 4 3 2 1
4
7 4 2 6
3
2 9 8
3
7 9 9
1
4
2
4 9
5
5 5 4 3 1
3
4 2 8
1
8
3
8 7 9
3
2 9 3
4
4 1 8 7
1
5
1
7
5
1 2 1 2 2
3
9 9 9
4
7 8 4 9
5
1 2 2 2 4
4
9 9 9 9
5
1 2 2 3 2
5
5 4 3 2 1
4
2 4 7 3
2
2 1
2
9 6
2
6 6
1
1
6
5 5 5 9 9 9
4
9 4 4 2
5
1 2 2 3 5
6
5 5 5 5 9 9
4
4 9 8 5
3
5 1 2
4
6 2 9 9
4
4 9 3 3
3
9 5 1
3
8 8 9
6
5 6 9 6 9 6
